lastAccountName: liangmoqiming
timestamps:
  login: 1630231807555
  logout: 1630231941666
ipAddress: 132.145.89.225
logoutlocation:
  world: world
  x: -259.9086127020107
  y: 69.0
  z: 253.7329757063155
  yaw: 17.250027
  pitch: 36.900005
